________________1. feladat_______________________
1278 (2263)
8 14 0 10 16 12 5 18 6 7 1 2 13 3 4 17 15 9 19 11
1278 (28960)
8 14 5 12 16 7 18 2 13 6 10 4 0 15 17 3 1 9 19 11 
1278 (8923)
8 14 16 12 7 5 2 18 10 13 3 4 17 6 15 0 1 9 19 11 
1278 (16933)
8 14 5 12 10 6 16 7 18 0 15 2 13 4 17 3 1 9 19 11 
1278 (1202)
8 14 5 16 12 7 2 3 10 4 6 18 0 1 13 17 15 9 19 11 
1278 (3483)
8 14 7 2 10 12 13 16 5 3 18 4 17 6 0 1 15 9 19 11 
1278 (1980)
8 14 5 16 2 7 3 18 12 10 13 4 6 17 0 1 15 9 19 11 
1278 (11177)
16 8 14 7 0 2 5 18 6 3 10 1 12 4 17 15 13 9 19 11 
1278 (1684)
16 8 14 5 18 12 0 4 2 13 10 6 17 15 7 3 1 9 19 11 
________________2. feladat_______________________
1359 (2649)
5 9 16 6 18 14 19 11 13 12 15 0 17 2 8 4 3 7 10 1
1359 (2495)
5 9 16 6 2 18 14 17 4 8 11 7 0 19 12 13 15 1 10 3
1359 (13575)
5 9 16 6 18 14 8 10 17 11 12 4 0 2 15 13 19 3 1 7
________________3. feladat_______________________
1081 (3996)
2 3 15 13 12 19 18 17 6 0 11 4 9 10 16 8 5 7 14 1
1081 (2188)
2 3 15 13 12 18 19 17 11 9 4 0 6 8 16 10 7 5 14 1
________________4. feladat_______________________
?
_________________5. feladat_______________________
1236 (3728)
11 2 18 8 9 3 4 12 16 1 15 5 10 14 13 6 17 0 19 7
1236 (5435)
11 2 9 4 18 3 12 8 16 1 15 5 10 14 13 6 17 0 19 7
1236 (1980)
11 18 8 2 9 4 16 3 12 1 15 5 10 14 13 6 17 0 19 7
_________________6. feladat_______________________
1195 (34236)
10 13 12 11 15 6 19 5 18 0 16 14 8 3 17 9 7 1 4 2
1195 (881)
10 13 12 5 15 6 19 11 16 14 18 1 0 8 3 17 9 7 4 2
1195 (616)
10 13 12 15 16 6 5 19 8 11 18 0 3 17 14 9 7 1 4 2
_________________7. feladat_______________________
?
_________________8. feladat_______________________
1206 (796)
16 1 15 11 8 4 5 18 3 19 7 6 13 14 12 9 0 2 17 10
1206 (1264)
16 1 15 8 11 13 4 18 7 19 9 17 3 2 12 6 0 14 5 10
1206 (853)
16 1 15 8 5 11 4 18 3 6 13 7 19 14 0 2 12 9 17 10

________________9. feladat_______________________
1230 (684)
3 11 9 1 7 0 17 19 15 16 6 5 14 2 18 12 10 13 8 4
?
1230 (1546)
3 11 9 1 7 0 17 15 16 10 2 19 5 14 18 6 12 13 8 4
1230 (2068)
3 11 9 1 7 0 15 19 17 2 5 14 16 10 6 18 12 13 8 4
?
________________10. feladat_______________________
1108 (1302)
10 6 5 15 18 0 2 1 17 7 12 9 19 4 11 13 14 16 3 8
1108 (1200)
10 6 5 9 15 7 11 1 17 18 2 19 4 13 12 0 14 16 3 8
1108 (13705)
10 6 15 4 11 5 17 1 7 0 12 9 19 18 13 2 14 16 3 8
1108 (752)
10 6 5 15 18 0 7 12 9 11 14 2 1 17 4 13 19 16 3 8
